worker_id = gw1
2023-03-14 10:22:49.404735.   Load page https://capital.com/de/liquiditat-definition
2023-03-14 10:22:49.404964.   BUT_CREATE_YOUR_ACCOUNT =>
2023-03-14 10:22:49.458935.   => BUT_CREATE_YOUR_ACCOUNT IS PRESENT
1 checking element(s) with current CSS locator is(are) present(s) on this page
2023-03-14 10:22:51.325662   'Sign up' form is opened
2023-03-14 10:22:51.325712   SIGNUP_HEADER =>
2023-03-14 10:22:51.342204   SIGNUP_REF_LOGIN =>
2023-03-14 10:22:51.364210   SIGNUP_INPUT_EMAIL =>
2023-03-14 10:22:51.398874   SIGNUP_INPUT_PASSWORD =>
2023-03-14 10:22:51.439561   SIGNUP_SUBMIT_BTN =>
2023-03-14 10:22:51.463461   SIGNUP_PRIVACY_POLICY_ALL_2 =>
2023-03-14 10:22:51.501398   => SIGNUP_PRIVACY_POLICY_ALL
2023-03-14 10:22:51.709902.   'Sign up' form is closed
